0.30304110050201416
0.29959097504615784
0.29873377084732056
0.30439475178718567
0.30434367060661316
0.300325870513916
0.30041754245758057
0.3057088553905487
0.30734387040138245
0.29702481627464294
0.3015361726284027
0.29845866560935974
0.30088725686073303
0.3005620241165161
0.2981152832508087
0.30372512340545654
0.30163779854774475
0.30877017974853516
0.2989412546157837
0.30033841729164124
0.3015572130680084
0.29674986004829407
0.30270108580589294
0.30883076786994934
0.30197060108184814
0.3048519790172577
0.3045063614845276
0.3009684383869171
0.30086570978164673
0.30502691864967346
0.3039771616458893
0.3023756742477417
0.30345165729522705
0.2954089641571045
0.3021084666252136
0.3035696744918823
0.29976382851600647
0.30218905210494995
0.30207979679107666
0.3065948486328125
0.3029879033565521
0.30174151062965393
0.3049466609954834
0.306340754032135
0.30253106355667114
0.29621848464012146
0.30189254879951477
0.29831311106681824
0.29715824127197266
0.3036116063594818
0.3009625971317291
0.3042684495449066
0.30030950903892517
0.3011208176612854
0.3013302683830261
0.2993786036968231
0.3020336627960205
0.3036603331565857
0.2975327670574188
0.3055351674556732
0.3011339604854584
0.3031538128852844
0.30258217453956604
0.30157148838043213
0.3007872998714447
0.30263105034828186
0.30574116110801697
0.30364304780960083
0.29941871762275696
0.30306002497673035
0.301688551902771
0.3060508668422699
0.3030190169811249
0.3016819655895233
0.3023233413696289
0.3027177155017853
0.305703729391098
0.3030948042869568
0.2986762523651123
0.3029395639896393
0.2973562479019165
0.30117863416671753
0.3032917082309723
0.2991759777069092
0.3011948764324188
0.304871529340744
0.3042132556438446
0.3045904338359833
0.30054569244384766
0.30196988582611084
0.30008190870285034
0.305085152387619
0.3015715479850769
0.30380287766456604
0.302209734916687
0.2969803810119629
0.3011292517185211
0.3005489408969879
0.3027096092700958
0.3050130009651184
0.30339065194129944
0.2978469729423523
0.3024422526359558
0.3028205931186676
0.2946015000343323
0.303244411945343
0.3053889870643616
0.30175089836120605
0.3062119781970978
0.30221569538116455
0.30191993713378906
0.30146172642707825
0.3037775754928589
0.30027124285697937
0.30283036828041077
0.30099138617515564
0.3011527955532074
0.2999112606048584
0.30226823687553406
0.3005208671092987
0.2996138036251068
0.3007541596889496
0.3030536472797394
0.30250313878059387
0.30010661482810974
0.3060913681983948
0.3052057921886444
0.30479350686073303
0.3011571168899536
0.3025115132331848
0.3038507103919983
0.3023691475391388
0.30563172698020935
0.29906991124153137
0.29840368032455444
0.3025660514831543
0.29988858103752136
0.2987343370914459
0.30158376693725586
0.3034729063510895
0.2980537712574005
0.30734583735466003
0.3038659989833832
0.302547425031662
0.30214542150497437
0.3074248433113098
0.301241934299469
0.3058715760707855
0.3000524938106537
0.30441877245903015
0.30574092268943787
0.30197906494140625
0.2958727180957794
0.2985355854034424
0.2973257005214691
0.3021247684955597
0.3015206456184387
0.30023667216300964
0.3037678599357605
0.30092719197273254
0.3035004138946533
0.3010782301425934
0.3040556311607361
0.30328595638275146
0.30130535364151
0.30254679918289185
0.2966628968715668
0.3054610788822174
0.3019906282424927
0.30500274896621704
0.3033609390258789
0.2952175438404083
0.3007344901561737
0.3029050827026367
0.299832284450531
0.30308347940444946
0.30196186900138855
0.30198970437049866
0.3053070902824402
0.30079197883605957
0.30155226588249207
0.3008510172367096
0.30203062295913696
0.2984699308872223
0.3006376028060913
0.30014562606811523
0.30632737278938293
0.2916496694087982
0.29741960763931274
0.3007183074951172
0.3047497868537903
0.3019547462463379
0.3056160807609558
0.29781126976013184
0.2981201708316803
0.30011510848999023
0.30002716183662415
0.2997620403766632
0.2977677285671234
0.30294570326805115
0.2998078763484955
0.30669939517974854
0.30197641253471375
0.3010421395301819
0.3040836453437805
0.3024858832359314
0.3077254593372345
0.30362626910209656
0.30044278502464294
0.2987339198589325
0.2935841977596283
0.3006257116794586
0.3060096502304077
0.29654407501220703
0.2986147105693817
0.30374693870544434
0.303714394569397
0.2923350930213928
0.3028547167778015
0.29639288783073425
0.30650725960731506
0.304740309715271
0.3041559159755707
0.3035970628261566
0.29827165603637695
0.3028463125228882
0.299809068441391
0.3020780384540558
0.3049582242965698
0.296434223651886
0.299492210149765
0.30420249700546265
0.3034557104110718
0.3027091920375824
0.30135345458984375
0.29934990406036377
0.30359897017478943
0.30536606907844543
0.30198004841804504
0.3014530837535858
0.29392096400260925
0.30021214485168457
0.2951526641845703
0.30156829953193665
0.30270734429359436
0.30171433091163635
0.29751279950141907
0.3070758581161499
0.3056279420852661
0.30240750312805176
